1.3,  6.7,  0.0 ni, 85.6 id,  0.0 wa,  0.0 hi,  6.4,  0.0 st
0.2,  5.2,  0.0 ni, 88.3 id,  0.0 wa,  0.0 hi,  6.3,  0.0 st
0.2,  5.2,  0.0 ni, 88.4 id,  0.0 wa,  0.0 hi,  6.2,  0.0 st
0.2,  5.5,  0.0 ni, 88.0 id,  0.0 wa,  0.0 hi,  6.3,  0.0 st
0.3,  5.6,  0.0 ni, 87.7 id,  0.0 wa,  0.0 hi,  6.4,  0.0 st
0.3,  5.4,  0.0 ni, 88.0 id,  0.0 wa,  0.0 hi,  6.4,  0.0 st
0.3,  4.2,  0.0 ni, 95.3 id,  0.0 wa,  0.0 hi,  0.1,  0.0 st
0.4,  3.7,  0.0 ni, 95.6 id,  0.0 wa,  0.0 hi,  0.3,  0.0 st
0.1,  3.4,  0.0 ni, 96.3 id,  0.0 wa,  0.0 hi,  0.2,  0.0 st
0.1,  3.2,  0.0 ni, 96.5 id,  0.0 wa,  0.0 hi,  0.2,  0.0 st
0.3,  3.6,  0.0 ni, 95.9 id,  0.0 wa,  0.0 hi,  0.2,  0.0 st
0.1,  3.3,  0.0 ni, 96.4 id,  0.0 wa,  0.0 hi,  0.2,  0.0 st
